0.0 0.0 0.0 2 0 498.620000 260.120000 1 391.950000 286.230000
0.0 0.0 0.0 3 0 463.520000 220.950000 1 358.110000 247.870000 4 503.960000 229.380000
0.0 0.0 0.0 3 0 494.670000 182.900000 1 387.320000 209.900000 2 381.710000 285.630000
0.0 0.0 0.0 5 0 543.790000 178.060000 1 432.390000 205.180000 2 427.320000 280.560000 3 586.410000 237.010000 4 582.280000 186.610000
0.0 0.0 0.0 4 0 524.370000 209.730000 1 414.080000 236.110000 2 409.620000 312.580000 3 567.120000 268.180000
0.0 0.0 0.0 3 0 440.410000 179.610000 1 333.200000 207.720000 2 327.620000 283.330000
0.0 0.0 0.0 5 0 534.670000 138.290000 1 422.540000 167.470000 2 415.830000 241.290000 3 574.390000 196.450000 4 571.870000 147.210000
0.0 0.0 0.0 3 0 562.010000 117.060000 1 447.630000 146.860000 2 440.490000 220.020000
0.0 0.0 0.0 2 0 604.950000 257.290000 1 488.740000 281.650000
0.0 0.0 0.0 3 0 572.200000 176.450000 1 457.820000 203.940000 2 452.710000 278.960000
0.0 0.0 0.0 4 0 562.270000 154.560000 1 448.410000 183.380000 2 442.640000 258.400000 4 599.590000 163.180000
0.0 0.0 0.0 4 0 499.590000 155.260000 1 391.270000 183.460000 2 385.420000 258.820000 4 538.330000 163.400000
0.0 0.0 0.0 3 0 526.550000 256.490000 1 417.100000 281.470000 4 566.820000 263.930000
0.0 0.0 0.0 2 0 466.730000 252.880000 1 362.670000 280.070000
0.0 0.0 0.0 3 0 471.880000 159.990000 1 365.540000 187.820000 2 360.070000 263.560000
0.0 0.0 0.0 4 0 562.540000 98.410000 1 447.230000 129.860000 2 440.020000 203.340000 4 597.170000 107.890000
0.0 0.0 0.0 5 0 455.590000 183.710000 1 350.490000 210.600000 1 350.490000 210.600000 2 344.500000 285.850000 2 344.500000 285.850000
0.0 0.0 0.0 4 0 532.420000 163.030000 1 421.010000 191.320000 2 415.580000 265.900000 4 570.390000 171.970000
0.0 0.0 0.0 4 0 531.290000 116.940000 1 419.800000 144.800000 3 571.250000 175.120000 4 568.670000 125.860000
0.0 0.0 0.0 2 0 293.770000 26.510000 1 233.010000 56.520000
0.0 0.0 0.0 2 0 463.060000 286.840000 1 360.220000 313.720000
0.0 0.0 0.0 4 0 593.650000 246.570000 1 478.270000 270.790000 1 478.270000 270.790000 2 475.030000 348.020000
0.0 0.0 0.0 5 0 437.790000 203.620000 1 333.970000 230.850000 1 333.970000 230.850000 2 327.780000 307.500000 2 327.780000 307.500000
0.0 0.0 0.0 3 0 589.330000 185.390000 1 472.930000 212.320000 2 468.080000 286.900000
0.0 0.0 0.0 3 0 490.790000 162.090000 1 383.110000 190.000000 2 376.920000 265.260000
0.0 0.0 0.0 3 0 617.310000 149.530000 1 497.240000 178.830000 2 491.420000 252.760000
0.0 0.0 0.0 3 0 531.030000 131.630000 1 419.710000 160.910000 1 419.710000 160.910000
0.0 0.0 0.0 5 0 607.470000 129.890000 1 488.180000 160.480000 1 488.180000 160.480000 2 481.550000 233.480000 2 481.550000 233.480000
0.0 0.0 0.0 5 0 616.100000 127.040000 1 495.820000 157.900000 1 495.820000 157.900000 2 489.160000 230.670000 2 489.160000 230.670000
0.0 0.0 0.0 3 0 504.440000 106.560000 1 394.160000 136.250000 2 387.620000 209.530000
0.0 0.0 0.0 2 0 529.120000 251.160000 1 419.830000 276.870000
0.0 0.0 0.0 5 0 446.640000 231.380000 1 342.760000 260.160000 1 342.760000 260.160000 2 336.930000 337.630000 2 336.930000 337.630000
0.0 0.0 0.0 4 0 582.710000 193.890000 1 467.070000 220.300000 3 623.770000 252.660000 4 620.000000 201.970000
0.0 0.0 0.0 4 0 584.540000 162.790000 1 468.390000 191.500000 3 624.520000 221.790000 4 620.860000 171.530000
0.0 0.0 0.0 3 0 599.870000 147.660000 1 481.760000 177.210000 2 475.960000 250.640000
0.0 0.0 0.0 2 0 481.890000 114.120000 1 374.090000 142.210000
0.0 0.0 0.0 2 0 332.960000 251.410000 1 255.200000 282.800000
0.0 0.0 0.0 3 0 461.580000 248.080000 1 357.800000 275.260000 4 367.550000 251.810000
0.0 0.0 0.0 4 0 561.210000 246.990000 1 448.970000 271.750000 3 604.340000 305.160000 4 600.470000 254.110000
0.0 0.0 0.0 9 0 533.760000 245.800000 1 423.990000 271.060000 1 423.990000 271.060000 2 420.100000 348.720000 2 420.100000 348.720000 3 577.800000 304.690000 3 577.800000 304.690000 4 574.310000 253.710000 4 574.310000 253.710000
0.0 0.0 0.0 2 0 244.170000 236.300000 1 125.820000 269.140000
0.0 0.0 0.0 2 0 438.430000 210.220000 1 334.800000 237.100000
0.0 0.0 0.0 2 0 429.730000 204.410000 1 326.720000 231.700000
0.0 0.0 0.0 5 0 555.830000 183.230000 1 442.760000 210.230000 2 437.770000 284.860000 3 597.320000 241.090000 4 593.820000 191.450000
0.0 0.0 0.0 3 0 528.740000 182.390000 1 418.310000 209.180000 1 418.310000 209.180000
0.0 0.0 0.0 3 0 457.100000 181.000000 1 351.780000 207.680000 2 345.790000 283.000000
0.0 0.0 0.0 8 0 517.890000 162.830000 1 408.060000 190.870000 1 408.060000 190.870000 2 402.310000 265.730000 3 559.510000 221.040000 3 559.510000 221.040000 4 556.560000 171.630000 4 556.560000 171.630000
0.0 0.0 0.0 4 0 507.760000 162.910000 1 398.810000 190.940000 2 392.880000 265.830000 4 546.870000 171.840000
0.0 0.0 0.0 3 0 483.450000 157.560000 1 376.410000 185.990000 2 370.280000 260.560000
0.0 0.0 0.0 5 0 583.880000 124.990000 1 467.170000 155.420000 2 460.600000 228.710000 3 622.610000 183.210000 4 619.250000 134.680000
0.0 0.0 0.0 3 0 588.890000 112.680000 1 471.290000 144.010000 3 627.130000 171.270000
0.0 0.0 0.0 2 0 441.880000 314.200000 1 336.120000 341.700000
0.0 0.0 0.0 2 0 388.520000 313.890000 1 318.120000 344.650000
0.0 0.0 0.0 5 0 556.780000 245.890000 1 444.890000 270.790000 2 441.480000 348.460000 3 600.050000 304.820000 4 596.260000 253.290000
0.0 0.0 0.0 3 0 524.720000 246.320000 1 415.730000 271.750000 4 565.680000 254.360000
0.0 0.0 0.0 2 0 458.200000 243.430000 1 353.960000 270.470000
0.0 0.0 0.0 3 0 572.790000 239.490000 1 459.190000 263.870000 2 455.630000 340.790000
0.0 0.0 0.0 2 0 571.240000 223.430000 1 457.540000 248.760000
0.0 0.0 0.0 9 0 245.340000 212.000000 1 127.090000 241.960000 1 127.090000 241.960000 2 115.930000 321.400000 2 115.930000 321.400000 3 275.490000 268.980000 3 275.490000 268.980000 4 276.070000 222.470000 4 276.070000 222.470000
0.0 0.0 0.0 2 0 315.380000 210.280000 1 206.560000 239.420000
0.0 0.0 0.0 9 0 519.840000 181.390000 1 410.210000 208.260000 1 410.210000 208.260000 2 404.770000 282.990000 2 404.770000 282.990000 3 562.340000 238.720000 3 562.340000 238.720000 4 559.340000 189.630000 4 559.340000 189.630000
0.0 0.0 0.0 3 0 457.010000 180.760000 1 351.780000 207.680000 2 345.790000 282.780000
0.0 0.0 0.0 2 0 450.720000 163.320000 1 345.440000 190.850000
0.0 0.0 0.0 2 0 429.430000 162.900000 1 325.080000 190.770000
0.0 0.0 0.0 5 0 511.960000 135.180000 1 402.190000 163.610000 2 395.860000 237.340000 3 552.700000 192.510000 4 550.130000 144.030000
0.0 0.0 0.0 2 0 372.760000 108.930000 1 300.620000 131.000000
0.0 0.0 0.0 2 0 448.570000 104.030000 1 342.570000 131.690000
0.0 0.0 0.0 3 0 573.710000 97.730000 1 457.820000 129.530000 3 611.810000 156.210000
0.0 0.0 0.0 3 0 609.510000 96.810000 1 489.880000 129.310000 2 481.620000 202.830000
0.0 0.0 0.0 3 0 289.730000 15.330000 1 228.420000 42.950000 2 224.680000 157.450000
0.0 0.0 0.0 2 0 296.870000 9.910000 1 236.770000 37.770000
0.0 0.0 0.0 3 0 477.330000 320.570000 1 578.300000 348.070000 4 512.590000 328.810000
0.0 0.0 0.0 2 0 436.530000 320.600000 1 330.360000 348.400000
0.0 0.0 0.0 2 0 388.530000 320.680000 1 254.460000 351.240000
0.0 0.0 0.0 3 0 332.410000 316.670000 1 254.460000 351.240000 1 254.460000 351.240000
0.0 0.0 0.0 2 0 594.200000 252.590000 1 478.340000 276.440000
0.0 0.0 0.0 2 0 617.590000 249.900000 1 500.050000 273.370000
0.0 0.0 0.0 2 0 573.420000 245.100000 1 460.010000 268.930000
0.0 0.0 0.0 2 0 309.460000 238.160000 1 199.450000 268.800000
0.0 0.0 0.0 3 0 303.700000 236.480000 1 193.160000 267.210000 4 337.760000 247.250000
0.0 0.0 0.0 2 0 22.180000 231.880000 1 106.790000 227.550000
0.0 0.0 0.0 2 0 571.900000 229.460000 1 458.200000 254.530000
0.0 0.0 0.0 3 0 317.510000 229.270000 1 209.020000 259.310000 3 353.450000 287.210000
0.0 0.0 0.0 2 0 626.190000 207.950000 1 506.670000 236.930000
0.0 0.0 0.0 4 0 442.010000 202.380000 1 337.990000 229.490000 1 337.990000 229.490000 2 331.830000 305.810000
0.0 0.0 0.0 2 0 625.760000 201.060000 1 505.860000 226.810000
0.0 0.0 0.0 3 0 244.360000 200.730000 1 125.880000 229.880000 3 274.260000 256.760000
0.0 0.0 0.0 3 0 450.750000 196.530000 1 346.020000 223.640000 2 339.970000 299.090000
0.0 0.0 0.0 4 0 251.480000 193.130000 1 133.770000 221.270000 3 280.880000 248.450000 4 281.270000 202.610000
0.0 0.0 0.0 2 0 312.980000 190.460000 1 203.780000 217.730000
0.0 0.0 0.0 2 0 624.820000 187.120000 1 504.390000 212.670000
0.0 0.0 0.0 3 0 470.050000 180.550000 1 363.870000 207.580000 2 358.070000 282.490000
0.0 0.0 0.0 3 0 623.680000 164.500000 1 503.490000 192.940000 2 498.090000 267.780000
0.0 0.0 0.0 2 0 611.540000 164.290000 1 492.590000 192.760000
0.0 0.0 0.0 2 0 512.790000 163.010000 1 403.320000 190.690000
0.0 0.0 0.0 2 0 608.070000 159.590000 1 489.220000 188.280000
0.0 0.0 0.0 3 0 607.730000 153.480000 1 488.730000 182.880000 2 483.050000 256.520000
0.0 0.0 0.0 2 0 332.100000 124.820000 1 402.190000 163.610000
0.0 0.0 0.0 7 0 527.960000 113.360000 1 416.710000 144.170000 1 416.710000 144.170000 2 409.710000 217.270000 2 409.710000 217.270000 3 568.060000 171.120000 3 568.060000 171.120000
0.0 0.0 0.0 3 0 618.110000 102.420000 1 497.310000 134.920000 2 489.990000 208.100000
0.0 0.0 0.0 2 0 295.300000 2.800000 1 234.800000 30.160000
0.0 0.0 0.0 2 0 478.040000 323.730000 1 370.900000 349.310000
0.0 0.0 0.0 3 0 466.050000 322.860000 1 358.140000 349.030000 1 567.270000 351.380000
0.0 0.0 0.0 4 0 333.620000 313.570000 1 255.770000 348.040000 1 255.770000 348.040000 4 536.290000 332.320000
0.0 0.0 0.0 3 0 377.990000 312.470000 1 306.550000 343.060000 4 523.210000 327.140000
0.0 0.0 0.0 2 0 374.440000 270.350000 1 302.460000 311.330000
0.0 0.0 0.0 3 0 452.450000 266.490000 1 349.480000 293.840000 3 501.090000 327.430000
0.0 0.0 0.0 2 0 625.050000 250.320000 1 506.330000 273.780000
0.0 0.0 0.0 2 0 591.550000 249.710000 1 476.600000 273.580000
0.0 0.0 0.0 3 0 628.310000 248.930000 1 509.370000 271.940000 2 506.230000 348.570000
0.0 0.0 0.0 3 0 451.730000 244.040000 1 347.300000 271.050000 2 341.740000 349.550000
0.0 0.0 0.0 3 0 368.320000 235.300000 1 263.360000 264.040000 2 255.470000 342.900000
0.0 0.0 0.0 3 0 317.570000 233.890000 1 209.070000 264.110000 3 353.760000 292.000000
0.0 0.0 0.0 3 0 366.830000 231.810000 1 261.530000 260.600000 2 253.400000 339.050000
0.0 0.0 0.0 3 0 246.690000 232.070000 1 128.820000 264.220000 4 278.250000 243.280000
0.0 0.0 0.0 3 0 366.390000 222.060000 1 261.210000 250.260000 2 253.280000 328.710000
0.0 0.0 0.0 2 0 244.460000 206.520000 1 126.140000 236.380000
0.0 0.0 0.0 3 0 252.530000 201.180000 1 135.110000 229.810000 4 282.330000 210.540000
0.0 0.0 0.0 2 0 399.460000 199.600000 1 295.290000 227.210000
0.0 0.0 0.0 2 0 241.380000 199.360000 1 122.420000 229.100000
0.0 0.0 0.0 2 0 391.940000 197.890000 1 287.680000 225.660000
0.0 0.0 0.0 3 0 590.150000 195.890000 1 473.520000 220.710000 3 630.570000 252.870000
0.0 0.0 0.0 5 0 251.210000 188.590000 1 133.710000 216.230000 2 123.190000 294.100000 3 280.790000 243.520000 4 280.760000 197.770000
0.0 0.0 0.0 2 0 244.050000 187.260000 1 125.170000 215.220000
0.0 0.0 0.0 2 0 248.550000 184.640000 1 130.560000 212.140000
0.0 0.0 0.0 2 0 621.320000 182.690000 1 501.430000 210.130000
0.0 0.0 0.0 2 0 463.250000 180.140000 1 357.760000 206.850000
0.0 0.0 0.0 3 0 450.650000 179.880000 1 345.790000 207.080000 2 339.590000 282.070000
0.0 0.0 0.0 2 0 385.190000 166.940000 1 313.010000 202.090000
0.0 0.0 0.0 3 0 509.480000 164.030000 1 400.350000 191.870000 1 400.350000 191.870000
0.0 0.0 0.0 2 0 475.060000 163.910000 1 368.320000 191.510000
0.0 0.0 0.0 2 0 549.940000 157.940000 1 437.010000 185.800000
0.0 0.0 0.0 2 0 264.890000 114.000000 1 560.530000 215.150000
0.0 0.0 0.0 4 0 524.880000 106.750000 1 413.740000 137.010000 2 406.790000 210.410000 3 564.860000 164.290000
0.0 0.0 0.0 3 0 569.950000 102.350000 1 453.770000 133.440000 4 604.730000 112.350000
0.0 0.0 0.0 5 0 577.780000 98.410000 1 461.280000 130.310000 2 453.960000 203.640000 3 615.670000 157.140000 4 612.560000 109.020000
0.0 0.0 0.0 4 0 577.490000 95.120000 1 460.700000 126.600000 4 612.400000 106.410000 4 612.400000 106.410000
0.0 0.0 0.0 2 0 605.620000 105.820000 2 479.050000 210.240000
0.0 0.0 0.0 4 0 531.820000 110.850000 2 412.810000 214.490000 3 571.500000 168.920000 4 568.830000 120.500000
0.0 0.0 0.0 2 0 470.290000 242.580000 2 359.250000 347.640000
0.0 0.0 0.0 3 0 431.490000 238.770000 2 322.630000 345.940000 2 322.630000 345.940000
0.0 0.0 0.0 2 0 622.370000 100.050000 2 494.100000 206.200000
0.0 0.0 0.0 4 0 524.020000 184.220000 2 408.880000 285.920000 3 566.660000 241.530000 4 563.670000 192.720000
0.0 0.0 0.0 2 0 615.330000 147.470000 2 489.410000 250.610000
0.0 0.0 0.0 2 0 277.050000 345.430000 2 219.980000 164.860000
0.0 0.0 0.0 2 0 303.460000 232.800000 2 183.000000 342.370000
0.0 0.0 0.0 3 0 528.450000 134.070000 2 411.050000 235.930000 3 569.450000 190.720000
0.0 0.0 0.0 4 0 583.730000 105.240000 2 459.340000 210.450000 3 621.580000 163.860000 4 618.540000 115.330000
0.0 0.0 0.0 2 0 398.870000 235.740000 2 287.860000 342.540000
0.0 0.0 0.0 2 0 562.670000 218.300000 2 447.720000 338.130000
0.0 0.0 0.0 2 0 253.020000 205.410000 2 124.910000 313.200000
0.0 0.0 0.0 2 0 560.770000 193.110000 2 441.850000 287.780000
0.0 0.0 0.0 3 0 591.780000 182.870000 2 470.190000 284.380000 4 627.800000 190.960000
0.0 0.0 0.0 2 0 608.630000 181.540000 2 484.950000 282.790000
0.0 0.0 0.0 2 0 479.250000 180.120000 2 366.990000 282.160000
0.0 0.0 0.0 2 0 598.510000 166.920000 2 475.320000 269.840000
0.0 0.0 0.0 2 0 573.870000 166.810000 2 452.550000 269.800000
0.0 0.0 0.0 2 0 604.880000 164.680000 2 481.550000 267.760000
0.0 0.0 0.0 2 0 575.940000 164.380000 2 455.070000 267.370000
0.0 0.0 0.0 2 0 428.890000 117.190000 2 318.870000 218.850000
0.0 0.0 0.0 3 0 551.540000 105.190000 2 430.900000 209.400000 4 587.810000 115.000000
0.0 0.0 0.0 2 0 19.380000 209.210000 3 22.770000 268.070000
0.0 0.0 0.0 3 0 22.180000 174.730000 3 26.680000 229.250000 4 27.180000 184.720000
0.0 0.0 0.0 2 0 31.840000 65.800000 3 37.470000 111.260000
0.0 0.0 0.0 3 0 14.510000 161.290000 3 13.480000 212.720000 4 13.510000 168.620000
0.0 0.0 0.0 3 0 20.780000 112.910000 3 21.880000 160.690000 4 20.720000 116.830000
0.0 0.0 0.0 3 0 22.320000 239.370000 3 26.070000 301.210000 4 28.230000 255.710000
0.0 0.0 0.0 3 0 18.230000 191.590000 3 20.380000 247.610000 4 21.190000 203.040000
0.0 0.0 0.0 3 0 264.950000 195.620000 3 297.790000 251.750000 4 298.060000 205.230000
0.0 0.0 0.0 4 0 256.610000 242.450000 3 292.220000 302.970000 4 293.590000 254.350000 4 293.590000 254.350000
0.0 0.0 0.0 2 0 450.720000 163.010000 3 544.250000 222.670000
0.0 0.0 0.0 2 0 21.470000 144.490000 3 7.050000 263.980000
0.0 0.0 0.0 3 0 21.630000 139.070000 3 22.570000 189.040000 4 21.650000 145.270000
0.0 0.0 0.0 2 0 516.410000 105.470000 3 556.070000 162.430000
0.0 0.0 0.0 3 0 7.760000 220.000000 3 8.130000 278.510000 4 9.540000 233.400000
0.0 0.0 0.0 2 0 263.240000 201.350000 3 294.600000 258.280000
0.0 0.0 0.0 3 0 18.850000 200.450000 3 21.720000 257.230000 4 22.680000 212.380000
0.0 0.0 0.0 3 0 11.100000 196.750000 3 12.170000 252.980000 4 12.970000 208.260000
0.0 0.0 0.0 4 0 9.910000 76.840000 3 10.650000 121.010000 3 10.650000 121.010000 4 8.500000 77.080000
0.0 0.0 0.0 3 0 37.830000 59.000000 3 44.500000 103.710000 4 42.750000 61.160000
0.0 0.0 0.0 3 0 256.490000 234.280000 3 286.970000 292.470000 4 287.580000 245.550000
0.0 0.0 0.0 3 0 7.520000 230.880000 3 7.570000 291.030000 4 8.880000 245.730000
0.0 0.0 0.0 3 0 239.220000 226.670000 3 268.110000 284.490000 4 269.100000 237.880000
0.0 0.0 0.0 2 0 4.810000 214.030000 3 4.400000 272.220000
0.0 0.0 0.0 3 0 7.730000 193.240000 3 7.850000 248.900000 4 8.570000 204.450000
0.0 0.0 0.0 3 0 11.600000 191.000000 3 12.720000 246.220000 4 13.440000 201.710000
0.0 0.0 0.0 2 0 491.760000 163.940000 3 534.360000 221.990000
0.0 0.0 0.0 3 0 442.850000 163.490000 3 544.250000 222.670000 4 537.850000 172.870000
0.0 0.0 0.0 4 0 579.180000 161.460000 3 619.040000 219.180000 4 615.410000 170.060000 4 615.410000 170.060000
0.0 0.0 0.0 3 0 584.560000 108.460000 3 622.790000 166.980000 4 619.360000 118.460000
0.0 0.0 0.0 2 0 290.070000 348.960000 3 523.030000 227.110000
0.0 0.0 0.0 2 0 352.100000 347.390000 3 467.620000 81.010000
0.0 0.0 0.0 2 0 319.960000 231.620000 3 355.990000 289.970000
0.0 0.0 0.0 2 0 320.020000 227.210000 3 355.960000 284.690000
0.0 0.0 0.0 3 0 254.640000 219.460000 3 284.700000 276.590000 4 285.460000 230.650000
0.0 0.0 0.0 3 0 253.390000 209.110000 3 283.370000 265.650000 4 283.680000 219.370000
0.0 0.0 0.0 2 0 12.370000 202.070000 3 13.370000 258.600000
0.0 0.0 0.0 5 0 266.960000 200.590000 3 300.080000 257.210000 3 300.080000 257.210000 4 300.370000 210.890000 4 300.370000 210.890000
0.0 0.0 0.0 2 0 4.900000 199.690000 3 3.930000 256.620000
0.0 0.0 0.0 3 0 7.590000 197.610000 3 7.710000 253.810000 4 8.440000 209.030000
0.0 0.0 0.0 2 0 21.990000 189.750000 3 25.020000 245.190000
0.0 0.0 0.0 2 0 546.080000 164.780000 3 587.250000 223.290000
0.0 0.0 0.0 2 0 15.350000 164.570000 3 15.210000 216.850000
0.0 0.0 0.0 2 0 306.300000 143.730000 3 572.990000 303.530000
0.0 0.0 0.0 3 0 340.110000 123.270000 3 376.550000 176.240000 4 377.480000 143.700000
0.0 0.0 0.0 3 0 14.610000 116.920000 3 14.920000 164.970000 4 13.810000 121.370000
0.0 0.0 0.0 2 0 7.770000 114.480000 3 5.410000 161.130000
0.0 0.0 0.0 2 0 580.480000 96.090000 3 618.330000 154.390000
0.0 0.0 0.0 2 0 66.900000 49.220000 4 74.060000 49.400000
0.0 0.0 0.0 3 0 59.300000 318.400000 4 77.540000 340.380000 4 77.540000 340.380000
0.0 0.0 0.0 2 0 32.530000 310.290000 4 49.160000 332.970000
0.0 0.0 0.0 2 0 389.220000 304.630000 4 536.120000 318.770000
0.0 0.0 0.0 2 0 333.190000 301.050000 4 536.120000 318.770000
0.0 0.0 0.0 2 0 12.690000 284.080000 4 15.240000 303.510000
0.0 0.0 0.0 2 0 40.790000 318.500000 4 59.890000 341.800000
0.0 0.0 0.0 2 0 44.510000 309.030000 4 63.240000 330.510000
0.0 0.0 0.0 2 0 16.570000 306.350000 4 30.550000 329.400000
0.0 0.0 0.0 2 0 343.030000 238.680000 4 380.050000 248.920000
0.0 0.0 0.0 2 0 15.570000 218.700000 4 18.920000 231.070000
0.0 0.0 0.0 3 0 344.270000 202.220000 4 380.550000 211.490000 4 380.550000 211.490000
0.0 0.0 0.0 2 0 461.190000 163.420000 4 537.850000 172.870000
0.0 0.0 0.0 2 0 10.560000 117.710000 4 8.030000 121.200000
0.0 0.0 0.0 2 0 31.200000 321.190000 4 48.190000 345.410000
0.0 0.0 0.0 2 0 374.690000 319.580000 4 450.820000 332.450000
0.0 0.0 0.0 2 0 48.150000 310.970000 4 67.520000 333.080000
0.0 0.0 0.0 2 0 70.430000 305.050000 4 87.540000 325.590000
0.0 0.0 0.0 2 0 581.440000 249.060000 4 619.930000 255.470000
0.0 0.0 0.0 2 0 255.720000 228.510000 4 286.630000 239.820000
0.0 0.0 0.0 3 0 344.080000 191.230000 4 380.500000 200.470000 4 380.500000 200.470000
0.0 0.0 0.0 2 0 23.080000 185.900000 4 26.070000 197.320000
0.0 0.0 0.0 2 0 498.540000 164.160000 4 537.850000 172.870000
0.0 0.0 0.0 2 0 578.820000 140.470000 4 614.750000 149.580000
0.0 0.0 0.0 2 0 307.520000 105.750000 4 341.510000 112.220000
0.0 0.0 0.0 2 0 283.890000 85.820000 4 479.320000 187.680000
0.0 0.0 0.0 2 0 322.530000 82.900000 4 446.270000 91.410000
0.0 0.0 0.0 2 0 534.820000 341.870000 4 571.380000 347.430000
0.0 0.0 0.0 2 0 5.520000 327.650000 4 16.720000 353.030000
0.0 0.0 0.0 2 0 7.310000 324.790000 4 19.410000 349.550000
0.0 0.0 0.0 2 0 34.650000 322.750000 4 52.450000 346.760000
0.0 0.0 0.0 2 0 10.460000 321.310000 4 22.320000 347.090000
0.0 0.0 0.0 2 0 34.150000 319.460000 4 51.180000 342.900000
0.0 0.0 0.0 2 0 320.000000 315.480000 4 450.820000 332.450000
0.0 0.0 0.0 2 0 596.360000 249.550000 4 633.610000 255.860000
0.0 0.0 0.0 2 0 348.000000 239.480000 4 385.600000 249.780000
0.0 0.0 0.0 2 0 571.530000 164.430000 4 605.210000 172.890000
0.0 0.0 0.0 2 0 576.080000 145.490000 4 612.140000 155.660000
0.0 0.0 0.0 2 0 29.990000 138.250000 4 33.990000 133.470000
0.0 0.0 0.0 2 0 531.570000 134.240000 4 569.460000 143.330000
0.0 0.0 0.0 3 0 504.650000 117.030000 4 542.340000 126.120000 4 542.340000 126.120000
